2000
0 330.602057 2632.189197
1 334.920904 2632.189197
2 1882.714618 2522.084608
3 1882.714618 2525.904215
4 1882.714618 2529.723821
5 2487.095566 2105.878711
6 2487.095566 2106.827915
7 2487.095566 2111.218682
8 457.397669 269.970241
9 457.397669 270.850288
10 457.397669 271.730336
11 457.397669 272.610383
12 1913.570338 1345.496090
13 1921.486385 1345.496090
14 448.751893 547.383671
15 448.751893 549.306504
16 448.751893 551.229336
17 448.751893 553.152169
18 343.621497 300.062628
19 343.621497 302.301600
20 343.621497 304.540572
21 343.621497 306.779544
22 1738.076779 344.305140
23 1739.195731 344.305140
24 1740.314684 344.305140
25 1741.433637 344.305140
26 462.048272 1613.299328
27 463.730159 1613.299328
28 465.869937 1613.299328
29 466.830703 1613.299328
30 925.653176 2823.322413
31 925.653176 2824.645770
32 925.653176 2825.969127
33 925.653176 2827.292484
34 1789.440774 681.319204
35 1792.903213 681.319204
36 1796.365651 681.319204
37 1432.182357 2852.714324
38 1433.469129 2852.714324
39 1434.755901 2852.714324
40 2909.157568 2563.679331
41 2909.157568 2566.504846
42 2909.157568 2569.330361
43 2299.831664 1144.653118
44 2299.831664 1146.414628
45 2299.831664 1147.585926
46 2299.831664 1148.560792
47 1326.525109 2391.085620
48 1326.525109 2394.756556
49 1693.052011 1693.484770
50 1693.052011 1694.348568
51 1693.052011 1695.212367
52 1693.052011 1696.076166
53 1439.085396 608.364004
54 1439.085396 610.018764
55 1439.085396 611.675340
56 323.286520 2520.123159
57 324.608736 2520.123159
58 325.930952 2520.123159
59 1399.086618 75.682040
60 1401.400323 75.682040
61 1403.714029 75.682040
62 1406.027734 75.682040
63 967.802344 2589.235787
64 969.169351 2589.235787
65 970.536358 2589.235787
66 971.903366 2589.235787
67 371.875298 1072.792837
68 371.875298 1074.459736
69 371.875298 1076.126634
70 371.875298 1077.793533
71 1243.681918 1593.386556
72 1247.279817 1593.386556
73 1250.877717 1593.386556
74 695.014897 1722.266015
75 697.560731 1722.266015
76 700.106564 1722.266015
77 702.652397 1722.266015
78 1353.879237 2342.005918
79 1355.858947 2342.005918
80 1357.838658 2342.005918
81 1359.818368 2342.005918
82 381.384932 2324.732238
83 388.820650 2324.732238
84 757.097050 2062.879670
85 758.220182 2062.879670
86 759.343315 2062.879670
87 760.466447 2062.879670
88 144.351546 24.480333
89 146.840681 24.480333
90 149.329815 24.480333
91 151.818950 24.480333
92 612.757910 544.321479
93 612.757910 545.873899
94 612.757910 547.426319
95 612.757910 548.978739
96 2051.358944 1643.975887
97 2051.358944 1650.199270
98 1547.889775 1594.983569
99 1550.038392 1594.983569
100 1552.187008 1594.983569
101 1554.335625 1594.983569
102 119.701951 2228.222167
103 122.605820 2228.222167
104 125.509689 2228.222167
105 1841.034211 1274.110610
106 1842.223203 1274.110610
107 1843.412196 1274.110610
108 1844.601189 1274.110610
109 1112.152326 692.134084
110 1114.605954 692.134084
111 1117.059583 692.134084
112 1119.513212 692.134084
113 1755.403269 1882.122481
114 1759.368416 1882.122481
115 2965.592987 145.332575
116 2966.549330 145.332575
117 2967.505673 145.332575
118 2968.462016 145.332575
119 813.012534 2907.961913
120 813.012534 2909.798372
121 813.012534 2911.634831
122 813.012534 2913.471290
123 2790.562469 1079.225665
124 2792.069617 1079.225665
125 2793.576764 1079.225665
126 2795.083912 1079.225665
127 2117.473379 705.113600
128 2119.620500 705.113600
129 2273.791438 1407.365239
130 2278.480448 1407.365239
131 1060.981646 68.587338
132 1060.981646 69.946544
133 1060.981646 71.305750
134 1060.981646 72.664955
135 588.035346 1397.103772
136 588.035346 1399.351449
137 588.035346 1401.046377
138 782.415072 1931.847486
139 789.394387 1931.847486
140 2370.067209 311.640303
141 2373.080222 311.640303
142 2376.093236 311.640303
143 1422.404768 2167.257541
144 1425.935930 2167.257541
145 1405.796026 1874.923435
146 1405.796026 1879.957940
147 585.787744 1197.518006
148 585.787744 1198.768536
149 585.787744 1200.019066
150 1510.321297 382.865647
151 1510.321297 386.047275
152 1510.321297 389.228902
153 2940.912720 1848.410532
154 2940.912720 1850.470140
155 2940.912720 1851.378310
156 2372.201481 1966.677992
157 2372.201481 1967.983148
158 2372.201481 1969.288304
159 2372.201481 1970.593460
160 2972.589867 104.017377
161 2975.242354 104.017377
162 1835.307391 121.046486
163 1837.422179 121.046486
164 2975.270938 863.038082
165 2975.270938 864.851049
166 2975.270938 866.664015
167 2975.270938 868.476982
168 2585.732066 900.507308
169 2586.821978 900.507308
170 2587.911890 900.507308
171 1605.070816 879.859844
172 1605.070816 883.538383
173 1605.070816 887.216922
174 631.360290 2099.756729
175 633.576555 2099.756729
176 635.792820 2099.756729
177 638.009085 2099.756729
178 1777.997733 2620.989821
179 1778.945903 2620.989821
180 1779.894073 2620.989821
181 1780.842243 2620.989821
182 2544.088546 521.480449
183 2544.088546 524.011545
184 2544.088546 526.542640
185 2544.088546 529.073736
186 58.808983 988.972166
187 58.808983 990.309919
188 58.808983 991.647672
189 2177.469157 2635.057422
190 2177.469157 2640.266816
191 1466.697416 243.385828
192 1469.308795 243.385828
193 1471.920174 243.385828
194 2804.742507 2431.752850
195 2806.603012 2431.752850
196 2808.463517 2431.752850
197 2810.324023 2431.752850
198 1692.842339 2857.209885
199 1694.601305 2857.209885
200 1695.886068 2857.209885
201 1697.869175 2857.209885
202 1698.237793 2477.655234
203 1698.237793 2480.006018
204 1698.237793 2482.356801
205 1698.237793 2484.707585
206 2880.283845 1055.808559
207 2880.283845 1058.429491
208 2880.283845 1061.050422
209 216.710601 2806.620088
210 216.710601 2807.553467
211 216.710601 2808.486845
212 216.710601 2809.420223
213 2617.857268 1886.493182
214 2621.429885 1886.493182
215 2625.002501 1886.493182
216 653.281147 1208.055677
217 653.281147 1209.909211
218 653.281147 1211.762745
219 653.281147 1213.616279
220 1512.583400 2415.178928
221 1515.600571 2415.178928
222 1518.617742 2415.178928
223 9.164823 734.505292
224 11.743324 734.505292
225 14.321826 734.505292
226 1490.819423 694.193192
227 1491.751265 694.193192
228 1495.472813 440.533075
229 1498.039214 440.533075
230 1500.605614 440.533075
231 1503.172015 440.533075
232 1227.669245 757.741970
233 1231.187930 757.741970
234 1234.706616 757.741970
235 1124.387819 950.215752
236 1124.387819 952.781060
237 1124.387819 955.346367
238 1124.387819 957.911675
239 1315.652476 2252.809857
240 1323.327905 2252.809857
241 2958.845304 767.405379
242 2959.971791 767.405379
243 2961.098278 767.405379
244 2962.224765 767.405379
245 1977.301302 81.499361
246 1979.663736 81.499361
247 1982.026171 81.499361
248 1984.388605 81.499361
249 1622.689783 1798.707864
250 1622.689783 1800.433907
251 1622.689783 1802.159949
252 1622.689783 1803.885991
253 28.178206 2807.770201
254 31.226839 2807.770201
255 1334.071205 1301.942527
256 1336.743252 1301.942527
257 135.633226 1369.169340
258 135.633226 1371.746929
259 135.633226 1374.324518
260 135.633226 1376.902107
261 2790.234139 2516.217502
262 2791.983666 2516.217502
263 2793.733192 2516.217502
264 732.032654 1927.303817
265 735.779008 1927.303817
266 739.525362 1927.303817
267 1601.765633 1916.890791
268 1601.765633 1923.704704
269 2213.687784 1989.563011
270 2213.687784 1991.667783
271 2213.687784 1993.772554
272 1332.980181 1046.829378
273 1332.980181 1049.616219
274 1332.980181 1052.403060
275 1368.392782 2733.927310
276 1370.647254 2733.927310
277 1372.901726 2733.927310
278 1375.156198 2733.927310
279 2330.576831 1269.818852
280 2330.576831 1271.875533
281 2330.576831 1273.932214
282 2330.576831 1275.988894
283 1489.322697 890.373229
284 1489.322697 892.231038
285 1489.322697 894.088847
286 991.998119 2975.713625
287 991.998119 2982.265561
288 1169.762710 199.373203
289 1171.555308 199.373203
290 1173.347906 199.373203
291 589.988267 877.850432
292 597.262883 877.850432
293 98.890731 237.068833
294 105.538855 237.068833
295 2511.757557 2077.988170
296 2514.773060 2077.988170
297 2517.788564 2077.988170
298 1903.934737 2642.739504
299 1903.934737 2644.435125
300 1903.934737 2646.130747
301 1903.934737 2647.826368
302 2888.639212 2597.065503
303 2889.754617 2597.065503
304 2890.870021 2597.065503
305 1305.082126 2478.885379
306 1307.884024 2478.885379
307 813.969519 754.351392
308 814.904659 754.351392
309 815.839799 754.351392
310 816.774939 754.351392
311 1934.300893 157.535543
312 1936.976637 157.535543
313 1939.652381 157.535543
314 2151.564434 2758.702203
315 2151.564434 2759.684967
316 2151.564434 2760.667732
317 2151.564434 2761.650497
318 1192.358836 1320.018048
319 1193.380897 1320.018048
320 1194.402958 1320.018048
321 1195.425019 1320.018048
322 2960.625107 1195.021673
323 2961.723461 1195.021673
324 2962.821816 1195.021673
325 2963.920170 1195.021673
326 2466.346292 849.489383
327 2466.346292 850.484180
328 2466.346292 851.504765
329 2466.346292 852.350993
330 865.465181 2482.367087
331 865.465181 2484.622821
332 865.465181 2486.878555
333 865.465181 2489.134289
334 1303.152252 2220.318597
335 1310.086072 2220.318597
336 1553.373537 362.961191
337 1553.373537 366.624400
338 1553.373537 370.287610
339 1774.296748 1200.939146
340 1774.296748 1202.346993
341 1774.296748 1203.754839
342 1774.296748 1205.162686
343 2792.110848 2059.056218
344 2793.529115 2059.056218
345 2794.947382 2059.056218
346 1509.258346 2388.770877
347 1509.258346 2391.085758
348 1509.258346 2393.400638
349 2966.294242 1503.414156
350 2966.294242 1504.421892
351 2966.294242 1508.659649
352 1091.959567 2461.485768
353 1091.959567 2466.858391
354 1841.699480 1864.937518
355 1849.329233 1864.937518
356 993.970928 16.662691
357 995.693010 16.662691
358 997.415092 16.662691
359 999.137175 16.662691
360 2942.121308 242.678489
361 2942.121308 245.055288
362 2942.121308 247.432087
363 2942.121308 249.808887
364 1603.980033 1946.837218
365 1606.077861 1946.837218
366 1608.175689 1946.837218
367 1610.273517 1946.837218
368 143.023538 931.579299
369 143.023538 933.616159
370 143.023538 935.653019
371 143.023538 937.689879
372 215.489571 1757.442426
373 215.489571 1758.994238
374 215.489571 1760.546049
375 1710.981350 2765.712065
376 1710.981350 2769.304337
377 1915.476662 2060.213277
378 1915.476662 2062.258603
379 1634.727850 2270.223438
380 1639.051852 2270.223438
381 2024.696268 681.033653
382 2024.696268 684.048551
383 2024.696268 687.063449
384 1889.849544 1189.267059
385 1891.627385 1189.267059
386 1893.405227 1189.267059
387 1895.183069 1189.267059
388 2631.746725 2353.500054
389 2638.371666 2353.500054
390 118.358976 1376.922025
391 120.081172 1376.922025
392 121.803368 1376.922025
393 298.215125 272.337026
394 298.215125 273.963901
395 298.215125 275.590776
396 298.215125 277.217651
397 71.691638 2965.975293
398 71.691638 2968.558060
399 71.691638 2971.140828
400 71.691638 2973.723596
401 1032.006485 2429.751185
402 1032.006485 2434.034022
403 544.453931 151.981557
404 544.453931 155.076338
405 544.453931 158.171120
406 440.470694 1024.390650
407 443.216683 1024.390650
408 445.962672 1024.390650
409 736.563819 1231.471491
410 738.820879 1231.471491
411 1366.686574 889.320462
412 1368.985957 889.320462
413 1371.285340 889.320462
414 1373.584723 889.320462
415 2094.418729 407.803361
416 2096.383341 407.803361
417 2098.347952 407.803361
418 425.053555 2943.696821
419 425.053555 2947.110120
420 425.053555 2950.523418
421 1705.001649 2264.443301
422 1706.960973 2264.443301
423 1708.414747 2264.443301
424 1710.788635 2264.443301
425 1896.512140 1324.472897
426 1896.512140 1332.048068
427 2175.296536 2174.922770
428 2178.134001 2174.922770
429 1400.451374 2851.180995
430 1402.718698 2851.180995
431 1404.986021 2851.180995
432 1407.253345 2851.180995
433 2055.633489 1339.723597
434 2059.357023 1339.723597
435 1828.940249 1399.183957
436 1828.940249 1401.139091
437 1828.940249 1403.094224
438 1224.488214 1254.232620
439 1226.398658 1254.232620
440 2915.216990 2280.472895
441 2916.402917 2280.472895
442 2917.588843 2280.472895
443 2918.774770 2280.472895
444 1109.252703 1136.648705
445 1111.127700 1136.648705
446 1113.002697 1136.648705
447 2355.277543 2229.869239
448 2355.277543 2231.765634
449 2355.277543 2233.662028
450 2355.277543 2235.558423
451 348.566240 763.097832
452 348.566240 764.668810
453 348.566240 766.001466
454 2196.475044 1214.744183
455 2196.475044 1218.454769
456 1313.596244 2216.461554
457 1315.773479 2216.461554
458 1317.950714 2216.461554
459 2744.900965 2078.445170
460 2747.836383 2078.445170
461 225.256012 1006.211907
462 225.256012 1010.145012
463 225.256012 1014.078117
464 2540.824159 2145.253752
465 2540.824159 2147.492374
466 2540.824159 2149.730996
467 2540.824159 2151.969619
468 818.174463 1750.026845
469 818.174463 1750.980428
470 818.174463 1752.760358
471 2886.435296 814.562873
472 2886.435296 816.269975
473 2886.435296 817.977078
474 2886.435296 819.684180
475 1689.167833 285.314105
476 1690.142749 285.314105
477 1691.117665 285.314105
478 1692.092581 285.314105
479 714.955560 2071.585120
480 716.476320 2071.585120
481 717.997079 2071.585120
482 719.517838 2071.585120
483 1853.707525 1092.428729
484 1853.707525 1095.603141
485 1853.707525 1098.777553
486 2328.705380 1010.819562
487 2330.974150 1010.819562
488 461.383049 2747.174531
489 465.105242 2747.174531
490 1646.423549 2640.678120
491 1646.423549 2644.094286
492 1646.423549 2647.510451
493 2183.593058 2151.174953
494 2183.593058 2152.301707
495 2183.593058 2153.428461
496 2789.776106 1683.737603
497 2791.194404 1683.737603
498 1860.546873 1462.108827
499 1860.546873 1466.505173
500 2656.970381 1412.021412
501 2656.970381 1414.964559
502 2656.970381 1417.907706
503 87.895601 1847.128931
504 87.895601 1850.752180
505 87.895601 1854.375430
506 2736.700058 423.787374
507 2740.029291 423.787374
508 2743.358524 423.787374
509 2189.159890 2954.911384
510 2190.505176 2954.911384
511 2191.850462 2954.911384
512 2193.195748 2954.911384
513 219.625912 1299.244538
514 220.786653 1299.244538
515 1372.718853 2507.788997
516 1375.231478 2507.788997
517 1377.744103 2507.788997
518 1535.762417 2540.642026
519 1537.719753 2540.642026
520 1386.193454 24.338695
521 1386.193454 25.807061
522 2320.939546 2432.625657
523 2320.939546 2435.143328
524 2320.939546 2437.660999
525 2320.939546 2440.178670
526 2734.092633 2827.571499
527 2734.092633 2831.268165
528 2734.092633 2834.964830
529 344.506532 103.688381
530 349.157000 103.688381
531 1609.198353 2102.277708
532 1609.198353 2103.174022
533 1609.198353 2104.073783
534 1609.198353 2105.384352
535 2140.576244 1484.290172
536 2143.816988 1484.290172
537 1207.072007 800.267248
538 1208.628043 800.267248
539 1790.885021 2930.257725
540 1790.885021 2931.469506
541 1790.885021 2932.681287
542 1483.741981 2945.119513
543 1486.330031 2945.119513
544 1490.496760 2945.119513
545 1028.059922 2519.817939
546 1030.660145 2519.817939
547 2109.998262 1093.457491
548 2109.998262 1097.188457
549 2598.606380 1315.061446
550 2599.699768 1315.061446
551 1799.818879 1056.804302
552 1799.818879 1058.975283
553 1799.818879 1061.146264
554 1828.106155 602.746382
555 1829.494079 602.746382
556 1830.882002 602.746382
557 1832.269926 602.746382
558 1001.844905 905.800443
559 1006.520572 905.800443
560 730.636887 566.774777
561 734.115737 566.774777
562 737.594587 566.774777
563 659.372049 1805.430943
564 662.913187 1805.430943
565 666.454325 1805.430943
566 2034.711085 615.698035
567 2034.711085 618.113623
568 2034.711085 620.529210
569 2034.711085 622.944798
570 1247.623656 1245.389945
571 1247.623656 1246.922979
572 1247.623656 1248.456012
573 394.702205 334.128794
574 394.702205 335.315451
575 394.702205 336.502107
576 394.702205 337.688764
577 1146.856816 2014.960432
578 1146.856816 2018.106325
579 1146.856816 2021.252217
580 2579.545350 530.743773
581 2579.545350 535.890618
582 685.754759 2763.396511
583 685.754759 2765.310126
584 685.754759 2767.223742
585 2254.010945 1944.064212
586 2254.010945 1945.584841
587 2254.010945 1947.105470
588 1595.211653 923.708481
589 1602.121445 923.708481
590 2302.984286 1540.813812
591 2306.037603 1540.813812
592 2309.090920 1540.813812
593 579.696541 100.351735
594 580.679711 100.351735
595 583.069155 100.351735
596 584.127510 100.351735
597 47.170986 1820.053041
598 49.872324 1820.053041
599 52.573663 1820.053041
600 75.300103 1152.504349
601 75.300103 1153.823093
602 75.300103 1155.141837
603 75.300103 1156.460581
604 990.965743 1843.021182
605 990.965743 1846.715730
606 990.965743 1850.410278
607 438.587332 1293.207127
608 438.587332 1296.137606
609 438.587332 1299.068085
610 1041.223296 1708.194567
611 1041.223296 1711.016836
612 2111.064379 122.205076
613 2111.064379 123.530953
614 2111.064379 124.856830
615 2111.064379 126.182707
616 316.249616 407.060324
617 318.127131 407.060324
618 311.359213 535.512591
619 314.853759 535.512591
620 2498.027781 912.923166
621 2500.476439 912.923166
622 2502.925097 912.923166
623 2505.373755 912.923166
624 298.476329 86.161542
625 298.476329 93.176880
626 1324.906760 1429.680372
627 1324.906760 1430.748956
628 1324.906760 1431.817540
629 1961.133863 1029.924665
630 1961.133863 1037.146267
631 1797.730835 2898.757034
632 1799.598907 2898.757034
633 1748.227571 2975.959395
634 1749.407690 2975.959395
635 2110.477316 1279.031198
636 2111.614514 1279.031198
637 2112.751711 1279.031198
638 2113.888908 1279.031198
639 1696.040814 1629.630563
640 1696.040814 1637.021356
641 1074.535189 1512.652563
642 1076.084085 1512.652563
643 1077.915322 1512.652563
644 1079.457296 1512.652563
645 2161.283466 283.915368
646 2161.283466 286.211572
647 2161.283466 288.507777
648 1030.691495 847.369203
649 1030.691495 848.820920
650 1030.691495 850.272638
651 1065.933925 1783.309484
652 1065.933925 1788.028185
653 565.952847 2882.708680
654 567.786697 2882.708680
655 569.620547 2882.708680
656 571.454396 2882.708680
657 309.951192 2295.025330
658 317.097565 2295.025330
659 1837.542060 2816.636287
660 1837.542060 2819.199436
661 1837.542060 2820.024561
662 1837.542060 2820.941432
663 721.790868 1098.041526
664 721.790868 1099.985386
665 721.790868 1101.929246
666 1286.142725 163.136486
667 1287.564933 163.136486
668 1288.987140 163.136486
669 1290.409348 163.136486
670 2365.828521 2423.845533
671 2371.817239 2423.845533
672 859.656234 2037.961648
673 861.914137 2037.961648
674 864.172041 2037.961648
675 866.429944 2037.961648
676 380.998199 189.860974
677 383.797239 189.860974
678 386.596279 189.860974
679 1762.940131 2367.628804
680 1762.940131 2368.568158
681 1762.940131 2369.471190
682 711.856367 2835.914954
683 715.840542 2835.914954
684 719.824717 2835.914954
685 123.909124 2253.850357
686 123.909124 2257.182113
687 123.909124 2260.513868
688 2510.470428 1045.773663
689 2515.520811 1045.773663
690 1289.145434 2884.749250
691 1289.145434 2888.003045
692 411.820439 253.334803
693 413.063542 253.334803
694 414.306646 253.334803
695 2246.601702 1043.023146
696 2250.689355 1043.023146
697 694.950379 1368.836884
698 694.950379 1371.326445
699 694.950379 1373.294010
700 1760.577249 831.013747
701 1761.947607 831.013747
702 1763.317966 831.013747
703 1764.688324 831.013747
704 1060.828859 1131.586328
705 1060.828859 1133.015876
706 1060.828859 1134.445425
707 1060.828859 1135.874973
708 2771.976788 256.691682
709 2773.835620 256.691682
710 2775.694452 256.691682
711 1383.073166 120.077728
712 1383.880472 120.077728
713 821.970322 457.043460
714 821.970322 458.367035
715 821.970322 459.690610
716 2141.869697 1978.096114
717 2141.869697 1979.103546
718 2141.869697 1980.110978
719 2141.869697 1981.118410
720 478.940300 1095.098963
721 482.931966 1095.098963
722 2651.947606 999.783556
723 2651.947606 1001.733150
724 2651.947606 1003.682745
725 2651.947606 1005.632339
726 1581.763184 1058.676385
727 1583.928990 1058.676385
728 1586.094796 1058.676385
729 1817.353311 1386.637367
730 1817.353311 1387.546615
731 1817.353311 1388.455864
732 1817.353311 1389.365112
733 2436.688309 639.720170
734 2436.688309 647.698541
735 448.286521 2038.201777
736 451.640135 2038.201777
737 454.993748 2038.201777
738 1966.216268 2615.655381
739 1968.635651 2615.655381
740 1971.055035 2615.655381
741 1973.474419 2615.655381
742 354.243682 1329.425961
743 357.661530 1329.425961
744 916.492771 2400.059768
745 917.405856 2400.059768
746 53.598061 2227.151245
747 53.598061 2229.156523
748 53.598061 2231.161800
749 53.598061 2233.167078
750 1141.824669 2295.168124
751 1143.053762 2295.168124
752 1144.282854 2295.168124
753 1145.511947 2295.168124
754 2810.046189 2296.992315
755 2811.098426 2296.992315
756 2814.198858 2296.992315
757 1456.182797 2390.615533
758 1456.182797 2392.788549
759 1456.182797 2393.830594
760 2782.327953 774.625711
761 2782.327953 777.976414
762 2782.327953 781.327117
763 2039.727409 2705.263314
764 2040.941429 2705.263314
765 2042.155449 2705.263314
766 1055.209545 1399.880618
767 1055.209545 1401.812165
768 1055.209545 1405.059678
769 1574.760484 1965.792234
770 1575.640322 1965.792234
771 1577.588303 1965.792234
772 2421.619324 2957.957035
773 2421.619324 2960.177065
774 2421.619324 2962.397094
775 2421.619324 2964.617124
776 2177.882188 1852.085031
777 2177.882188 1854.080838
778 2177.882188 1856.228904
779 1506.540522 1680.447239
780 1507.945948 1680.447239
781 1509.351373 1680.447239
782 146.924943 449.055853
783 147.927201 449.055853
784 148.929458 449.055853
785 444.075984 818.212529
786 444.075984 825.126776
787 634.445013 2467.360214
788 636.910219 2467.360214
789 639.375425 2467.360214
790 1952.776476 2470.263929
791 1952.776476 2471.873227
792 1952.776476 2473.482524
793 925.796283 26.434920
794 926.977269 26.434920
795 964.456848 135.863396
796 964.456848 138.179787
797 964.456848 140.496178
798 964.456848 142.812569
799 229.108100 392.081259
800 229.108100 399.788943
801 1991.733045 1431.737528
802 1991.733045 1434.267149
803 1991.733045 1436.796769
804 1991.733045 1439.326390
805 176.707230 296.265925
806 176.707230 297.706338
807 176.707230 299.146752
808 176.707230 300.587165
809 786.840844 2270.537993
810 788.794886 2270.537993
811 790.748928 2270.537993
812 792.702971 2270.537993
813 1983.084801 2061.462931
814 1983.084801 2065.232885
815 1983.084801 2069.002840
816 2219.603661 1591.601222
817 2221.987808 1591.601222
818 2224.371955 1591.601222
819 327.540222 2491.990027
820 329.545538 2491.990027
821 331.550855 2491.990027
822 2985.503622 2700.442844
823 2985.503622 2701.265055
824 2985.503622 2702.087266
825 2985.503622 2702.909477
826 393.603871 866.079221
827 393.603871 867.144032
828 393.603871 868.208842
829 393.603871 869.273653
830 2232.789208 2697.032228
831 2232.789208 2699.561188
832 2591.191986 648.548668
833 2595.638281 648.548668
834 2819.688606 908.945251
835 2819.688606 911.724121
836 2819.688606 914.502992
837 1610.748431 1729.054172
838 1610.748431 1732.631951
839 1610.748431 1736.209730
840 470.367464 2415.475991
841 470.367464 2422.791730
842 1367.638435 2083.105530
843 1367.638435 2085.150555
844 1367.638435 2087.195580
845 1367.638435 2089.240605
846 436.606120 1829.456597
847 436.606120 1831.977993
848 2585.695399 1683.227034
849 2589.577491 1683.227034
850 2593.459584 1683.227034
851 959.678670 2447.085964
852 960.530186 2447.085964
853 962.250982 2447.085964
854 964.696487 2447.085964
855 2756.066295 441.016831
856 2756.066295 442.727030
857 2756.066295 444.437230
858 1317.673177 736.424821
859 1319.001853 736.424821
860 1320.330528 736.424821
861 1321.659204 736.424821
862 2844.376389 2959.174134
863 2844.376389 2960.490892
864 2844.376389 2961.807650
865 2844.376389 2963.124408
866 433.576418 328.493119
867 435.316687 328.493119
868 437.056956 328.493119
869 438.797224 328.493119
870 2369.536647 2529.711371
871 2369.536647 2531.978188
872 2369.536647 2534.245005
873 1341.893277 1034.602567
874 1343.507441 1034.602567
875 1345.406272 1034.602567
876 1650.668384 1946.251611
877 1650.668384 1950.051686
878 1650.668384 1953.851761
879 1175.664518 1169.798462
880 1177.576947 1169.798462
881 2505.784527 534.596870
882 2507.419641 534.596870
883 2509.054756 534.596870
884 2510.689871 534.596870
885 2409.607218 1478.675731
886 2415.996351 1478.675731
887 2611.446286 2164.277625
888 2611.446286 2165.449978
889 2611.446286 2166.622331
890 2611.446286 2167.794684
891 2975.045590 503.013681
892 2976.750815 503.013681
893 2978.456040 503.013681
894 2980.161265 503.013681
895 2913.004754 2729.872434
896 2913.004754 2732.217324
897 2913.004754 2734.562215
898 2913.004754 2736.907105
899 536.500069 2224.932072
900 538.325466 2224.932072
901 540.150863 2224.932072
902 541.976260 2224.932072
903 2672.639909 31.667631
904 2672.639909 34.294777
905 2672.639909 36.921924
906 2672.639909 39.549071
907 485.070289 1408.496442
908 485.070289 1410.059667
909 485.070289 1411.280389
910 2553.541039 240.729694
911 2553.541039 244.408358
912 2670.116448 2731.648347
913 2670.116448 2734.063472
914 1894.296164 360.287398
915 1896.298185 360.287398
916 1898.300206 360.287398
917 1900.302227 360.287398
918 1562.093004 2937.846132
919 1562.093004 2945.702399
920 2954.013656 1584.713459
921 2954.013656 1587.284555
922 2954.013656 1589.855651
923 1012.519882 1959.918622
924 1012.519882 1961.940398
925 1012.519882 1963.962175
926 1012.519882 1965.983951
927 164.156467 2382.897723
928 164.156467 2385.025207
929 164.156467 2387.152691
930 164.156467 2389.280176
931 1495.327672 838.889282
932 1497.108385 838.889282
933 1498.889098 838.889282
934 1500.669811 838.889282
935 1002.216638 2403.266310
936 1002.216638 2406.233788
937 1002.216638 2409.201266
938 1660.973441 1817.972510
939 1665.940128 1817.972510
940 2974.100734 1625.463429
941 2974.100734 1626.522296
942 1436.606823 1845.236919
943 1439.932120 1845.236919
944 1250.854503 2074.707132
945 1251.797256 2074.707132
946 490.272367 2610.401042
947 491.604148 2610.401042
948 492.935928 2610.401042
949 494.267708 2610.401042
950 1287.996118 59.511091
951 1287.996118 61.516095
952 1287.996118 63.521099
953 1931.651676 819.822921
954 1931.651676 822.645516
955 1959.221098 535.736006
956 1959.221098 538.077732
957 1959.221098 540.419457
958 2742.654532 649.718734
959 2743.798124 649.718734
960 644.408207 2437.265870
961 649.076558 2437.265870
962 146.408211 1238.051096
963 148.066645 1238.051096
964 423.258092 2072.248593
965 423.258092 2074.320834
966 423.258092 2076.393076
967 111.458659 2469.518882
968 111.458659 2473.082892
969 111.458659 2475.843381
970 2236.281730 2472.505947
971 2237.464154 2472.505947
972 2260.059068 2039.256872
973 2262.283709 2039.256872
974 1997.330046 2081.407054
975 1997.330046 2082.394150
976 2611.603708 848.613366
977 2613.130070 848.613366
978 2614.656432 848.613366
979 2616.182794 848.613366
980 1380.598770 1380.518009
981 1386.087050 1380.518009
982 1044.680305 2582.294297
983 1044.680305 2588.195688
984 1588.403137 1043.710914
985 1588.403137 1049.691400
986 1830.348053 1250.984626
987 1830.348053 1256.339643
988 2850.554545 1905.278157
989 2850.554545 1908.383746
990 2850.554545 1911.489335
991 543.779300 153.641177
992 543.779300 156.550198
993 543.779300 159.459219
994 2303.058264 2762.740449
995 2306.880479 2762.740449
996 1972.715790 747.594597
997 1974.785649 747.594597
998 1976.855509 747.594597
999 1081.095707 1346.468442
1000 1081.095707 1347.698373
1001 1081.095707 1348.928303
1002 1081.095707 1350.158234
1003 877.009293 2672.639807
1004 878.858822 2672.639807
1005 302.504073 104.508241
1006 302.504073 105.661769
1007 857.282512 632.613407
1008 860.182775 632.613407
1009 863.083038 632.613407
1010 2647.783116 1449.229903
1011 2649.077101 1449.229903
1012 2650.371086 1449.229903
1013 700.182336 700.156075
1014 702.601672 700.156075
1015 705.021007 700.156075
1016 707.440342 700.156075
1017 683.607887 2981.720540
1018 684.735169 2981.720540
1019 2576.627887 1270.899097
1020 2576.627887 1272.191555
1021 2576.627887 1273.319956
1022 2576.627887 1276.914113
1023 1487.916047 593.943516
1024 1489.986062 593.943516
1025 1492.056077 593.943516
1026 1975.203285 1478.758026
1027 1978.053955 1478.758026
1028 1979.718068 1478.758026
1029 1980.720343 1478.758026
1030 412.814110 660.639796
1031 414.461003 660.639796
1032 416.107895 660.639796
1033 162.031574 1540.122400
1034 163.631294 1540.122400
1035 165.231014 1540.122400
1036 998.813199 203.492316
1037 998.813199 207.435081
1038 2259.764462 581.123827
1039 2259.764462 583.204091
1040 2259.764462 585.284355
1041 2259.764462 587.364619
1042 1701.065392 2678.877395
1043 1701.065392 2682.793611
1044 1701.065392 2686.709827
1045 543.854218 72.640162
1046 545.515212 72.640162
1047 546.380602 72.640162
1048 2061.780774 2759.930252
1049 2062.653752 2759.930252
1050 2825.961992 1082.384594
1051 2828.626949 1082.384594
1052 2831.291906 1082.384594
1053 2833.956863 1082.384594
1054 692.444836 389.724808
1055 697.867572 389.724808
1056 1474.146208 265.817981
1057 1474.146208 266.798296
1058 1474.146208 267.778611
1059 1474.146208 268.758926
1060 1101.007220 1826.076447
1061 1103.324088 1826.076447
1062 1105.640955 1826.076447
1063 1107.957823 1826.076447
1064 244.112285 2328.405400
1065 245.253731 2328.405400
1066 246.395177 2328.405400
1067 247.536623 2328.405400
1068 2393.965336 1691.700775
1069 2395.126988 1691.700775
1070 2396.288640 1691.700775
1071 2397.450292 1691.700775
1072 201.499775 17.609673
1073 201.499775 20.110485
1074 201.499775 22.611297
1075 201.499775 25.112108
1076 1103.761694 1856.808746
1077 1108.822549 1856.808746
1078 843.594560 2057.407191
1079 845.150375 2057.407191
1080 846.706191 2057.407191
1081 848.262006 2057.407191
1082 1736.712918 1862.884534
1083 1736.712918 1868.167879
1084 397.443967 527.215071
1085 397.443967 531.416643
1086 1409.785816 2621.360793
1087 1409.785816 2622.180036
1088 1409.785816 2622.999278
1089 1409.785816 2623.818521
1090 2591.548546 2482.519637
1091 2591.548546 2484.939813
1092 2591.548546 2487.359989
1093 311.202062 2622.205281
1094 313.149827 2622.205281
1095 315.097592 2622.205281
1096 317.045357 2622.205281
1097 1718.020631 1956.850883
1098 1722.758917 1956.850883
1099 2257.548662 1060.453860
1100 2260.751219 1060.453860
1101 2263.953776 1060.453860
1102 1410.518085 2935.930814
1103 1410.518085 2938.804893
1104 1410.518085 2941.678973
1105 2263.606834 2783.184813
1106 2263.606834 2783.985997
1107 1926.074322 1081.754320
1108 1928.567739 1081.754320
1109 1931.061157 1081.754320
1110 1933.554574 1081.754320
1111 946.583241 1736.648733
1112 952.629335 1736.648733
1113 1755.859423 1981.301230
1114 1755.859423 1983.186307
1115 1755.859423 1985.071384
1116 1755.859423 1986.956461
1117 510.974625 2587.897487
1118 513.264679 2587.897487
1119 515.554733 2587.897487
1120 797.028122 2577.980939
1121 799.369121 2577.980939
1122 801.334355 2577.980939
1123 1745.601842 1629.535866
1124 1745.601842 1636.082778
1125 334.230807 802.536965
1126 334.230807 808.082059
1127 1163.277680 828.494094
1128 1163.277680 830.940082
1129 1163.277680 833.386070
1130 1163.277680 835.832058
1131 1652.198517 1101.362516
1132 1654.568248 1101.362516
1133 1656.937980 1101.362516
1134 1659.307712 1101.362516
1135 1436.517405 1478.253394
1136 1442.062086 1478.253394
1137 1852.765067 2403.606813
1138 1852.765067 2405.743863
1139 2050.126532 2014.611386
1140 2050.126532 2016.729287
1141 2050.126532 2018.847188
1142 1948.959347 1783.654263
1143 1948.959347 1785.983174
1144 1948.959347 1787.425230
1145 1791.895247 927.057501
1146 1794.944270 927.057501
1147 770.956793 1012.072082
1148 770.956793 1015.895337
1149 770.956793 1019.718593
1150 115.263514 817.124240
1151 115.263514 818.296264
1152 115.263514 819.468288
1153 115.263514 820.640312
1154 555.299623 100.312920
1155 555.299623 101.479442
1156 555.299623 102.645964
1157 555.299623 103.812486
1158 129.872576 208.015648
1159 129.872576 209.957749
1160 1409.918242 2103.394469
1161 1410.729894 2103.394469
1162 1412.386206 2103.394469
1163 1413.813980 735.888366
1164 1413.813980 737.520256
1165 1413.813980 739.152146
1166 2729.841752 2665.911907
1167 2736.710120 2665.911907
1168 1408.128578 531.037967
1169 1408.128578 538.037623
1170 523.108164 214.276797
1171 523.108164 215.384964
1172 523.108164 216.493132
1173 523.108164 217.601300
1174 2261.576384 1341.859095
1175 2261.576384 1343.241119
1176 2261.576384 1344.279178
1177 2261.576384 1346.289271
1178 2507.141440 1636.123969
1179 2507.141440 1639.519282
1180 2596.706953 1588.837122
1181 2597.741909 1588.837122
1182 2598.776864 1588.837122
1183 2599.811820 1588.837122
1184 1040.732445 1490.183131
1185 1042.895867 1490.183131
1186 1045.059288 1490.183131
1187 1047.222710 1490.183131
1188 2739.548314 71.675346
1189 2741.892086 71.675346
1190 2744.235857 71.675346
1191 2746.579629 71.675346
1192 2772.522424 2380.054654
1193 2773.904026 2380.054654
1194 2775.285628 2380.054654
1195 2776.667230 2380.054654
1196 2511.540339 1751.198670
1197 2511.540339 1754.692107
1198 461.866071 1995.180257
1199 461.866071 1996.654025
1200 461.866071 1998.127793
1201 2735.398847 2103.557823
1202 2737.784324 2103.557823
1203 2740.169801 2103.557823
1204 2742.555278 2103.557823
1205 1607.898966 2795.370388
1206 1612.149225 2795.370388
1207 846.235176 2749.719546
1208 852.522525 2749.719546
1209 521.102038 2118.674070
1210 523.985498 2118.674070
1211 526.868958 2118.674070
1212 740.358792 1395.721579
1213 740.358792 1397.624538
1214 740.358792 1399.527496
1215 30.394632 2038.816195
1216 30.394632 2041.448999
1217 30.394632 2044.081803
1218 30.394632 2046.714607
1219 2645.725105 1703.762006
1220 2647.853735 1703.762006
1221 2295.384876 2068.652370
1222 2295.384876 2071.022574
1223 2295.384876 2073.392777
1224 2295.384876 2075.762981
1225 2360.002910 796.414805
1226 2362.310559 796.414805
1227 2364.618208 796.414805
1228 2366.925856 796.414805
1229 531.337612 717.682979
1230 534.333276 717.682979
1231 537.328940 717.682979
1232 1647.382513 234.280859
1233 1651.487495 234.280859
1234 1765.682485 814.218132
1235 1770.477515 814.218132
1236 1243.634649 335.590719
1237 1243.634649 336.496851
1238 1243.634649 337.402983
1239 1243.634649 338.309115
1240 2448.221585 1957.941769
1241 2448.221585 1960.412940
1242 2448.221585 1962.884111
1243 2448.221585 1965.355282
1244 110.041755 2611.135772
1245 110.041755 2612.730971
1246 110.041755 2614.326169
1247 110.041755 2615.921367
1248 1734.095437 1375.135959
1249 1735.821300 1375.135959
1250 1737.547164 1375.135959
1251 1739.273028 1375.135959
1252 2062.988408 1920.713430
1253 2062.988408 1922.157644
1254 1609.514542 1487.798840
1255 1609.514542 1489.771049
1256 1609.514542 1491.743257
1257 1609.514542 1493.715466
1258 2746.112801 306.393669
1259 2749.440652 306.393669
1260 2752.768502 306.393669
1261 2532.026284 2263.304128
1262 2532.026284 2265.498640
1263 2535.982377 261.592193
1264 2535.982377 264.447724
1265 2535.982377 267.303256
1266 409.740741 2689.439667
1267 411.645150 2689.439667
1268 413.549560 2689.439667
1269 415.453969 2689.439667
1270 2663.614547 2723.229558
1271 2663.614547 2725.270820
1272 1030.947914 607.013642
1273 1030.947914 608.251836
1274 1030.947914 609.490031
1275 1030.947914 610.728225
1276 1343.384525 1451.545409
1277 1343.384525 1453.532465
1278 1343.384525 1455.519520
1279 1343.384525 1457.506576
1280 1832.075904 534.651247
1281 1835.377309 534.651247
1282 1838.678714 534.651247
1283 950.359062 2172.343516
1284 950.359062 2179.161094
1285 2594.260713 2968.270209
1286 2594.260713 2970.565457
1287 2594.260713 2972.860704
1288 2594.260713 2975.155952
1289 2199.494382 502.644868
1290 2199.494382 503.820000
1291 2199.494382 504.997898
1292 2199.494382 506.468897
1293 458.770891 841.681748
1294 462.439420 841.681748
1295 1784.322813 2494.731617
1296 1784.322813 2495.951412
1297 1784.322813 2497.171207
1298 630.174720 1800.758681
1299 630.174720 1802.560947
1300 630.174720 1804.363213
1301 630.174720 1806.165478
1302 31.388877 1719.442414
1303 31.388877 1721.586148
1304 31.388877 1723.729883
1305 31.388877 1725.873618
1306 172.596949 1182.633028
1307 174.686117 1182.633028
1308 2129.153266 2780.041449
1309 2136.030496 2780.041449
1310 2425.340844 80.752792
1311 2425.340844 82.044393
1312 2425.340844 83.335994
1313 591.503291 1063.337813
1314 591.503291 1066.805568
1315 591.503291 1070.273323
1316 2504.714963 578.660291
1317 2504.714963 579.598910
1318 2504.714963 581.464461
1319 2504.714963 582.433960
1320 2830.790260 1650.576224
1321 2830.790260 1651.854521
1322 2830.790260 1653.132818
1323 2830.790260 1654.411116
1324 1171.901740 2093.336115
1325 1173.075539 2093.336115
1326 1174.249338 2093.336115
1327 1175.423137 2093.336115
1328 1658.433901 2237.762930
1329 1658.433901 2241.084141
1330 1658.433901 2244.405351
1331 1428.399239 822.305256
1332 1428.399239 823.815324
1333 1428.399239 825.325391
1334 1428.399239 826.835458
1335 406.315186 1134.987198
1336 407.442619 1134.987198
1337 408.570052 1134.987198
1338 409.697485 1134.987198
1339 1281.347252 559.812590
1340 1281.347252 564.568776
1341 437.924502 1444.817616
1342 437.924502 1446.901224
1343 437.924502 1448.984832
1344 437.924502 1451.068441
1345 2144.875677 2494.453364
1346 2146.039767 2494.453364
1347 2147.203857 2494.453364
1348 568.504998 937.506480
1349 570.925254 937.506480
1350 572.328588 937.506480
1351 573.244946 937.506480
1352 573.191337 208.241796
1353 573.191337 210.565194
1354 573.191337 212.888592
1355 1048.208611 2010.581551
1356 1051.081346 2010.581551
1357 1053.954082 2010.581551
1358 2339.338031 925.329924
1359 2339.338031 932.822684
1360 449.964991 2234.093559
1361 449.964991 2236.716247
1362 449.964991 2239.338934
1363 449.964991 2241.961622
1364 2671.132943 1373.627003
1365 2671.132943 1377.327938
1366 2548.097844 1438.931384
1367 2548.097844 1440.483418
1368 2548.097844 1442.035452
1369 2548.097844 1443.587485
1370 2142.732156 1422.359229
1371 2142.732156 1423.672052
1372 2142.732156 1424.984875
1373 1518.876016 1065.987692
1374 1522.970916 1065.987692
1375 2545.356258 350.915069
1376 2546.547226 350.915069
1377 2547.738194 350.915069
1378 2548.929162 350.915069
1379 2905.681162 2659.536781
1380 2907.920649 2659.536781
1381 2910.160136 2659.536781
1382 2912.399623 2659.536781
1383 905.653542 2276.789568
1384 906.968466 2276.789568
1385 908.283390 2276.789568
1386 909.598314 2276.789568
1387 1007.705946 839.887738
1388 1009.292543 839.887738
1389 1010.879141 839.887738
1390 1499.188555 2427.328901
1391 1499.188555 2428.446283
1392 1499.188555 2429.827957
1393 1499.188555 2431.972919
1394 2669.461889 2457.955304
1395 2669.461889 2459.324574
1396 2669.461889 2460.693844
1397 2669.461889 2462.063115
1398 1389.515918 2656.644680
1399 1389.515918 2659.794076
1400 1389.515918 2662.943472
1401 2651.972216 626.461014
1402 2654.609727 626.461014
1403 2657.247237 626.461014
1404 2121.925315 1052.040545
1405 2121.925315 1053.582836
1406 2121.925315 1055.125128
1407 2121.925315 1056.667420
1408 574.486140 306.350985
1409 575.891206 306.350985
1410 966.679838 216.088415
1411 969.576260 216.088415
1412 972.472682 216.088415
1413 2157.217890 1826.372883
1414 2157.217890 1828.977971
1415 2157.217890 1830.414043
1416 1298.245888 768.063061
1417 1298.245888 773.958542
1418 970.313114 1447.725875
1419 970.313114 1451.258556
1420 970.313114 1454.791237
1421 747.281591 2562.358846
1422 747.281591 2565.118921
1423 747.281591 2567.878997
1424 894.543218 2076.668193
1425 894.543218 2077.842574
1426 2430.104457 2637.399397
1427 2430.104457 2639.338719
1428 2430.104457 2641.278040
1429 1373.724347 339.929866
1430 1375.178541 339.929866
1431 1376.632736 339.929866
1432 2591.987609 2279.134713
1433 2594.412390 2279.134713
1434 2596.837171 2279.134713
1435 901.376679 1676.337777
1436 901.376679 1678.130822
1437 901.376679 1679.290532
1438 901.376679 1680.637773
1439 1319.920240 2516.714160
1440 1322.343968 2516.714160
1441 1324.767695 2516.714160
1442 1327.191422 2516.714160
1443 517.046673 1044.935038
1444 519.314700 1044.935038
1445 521.582727 1044.935038
1446 447.020211 215.472278
1447 447.020211 216.809343
1448 447.020211 218.146408
1449 447.020211 219.483473
1450 534.324565 40.260485
1451 534.324565 42.690630
1452 534.324565 45.120775
1453 534.324565 47.550919
1454 604.132245 538.042893
1455 604.132245 539.074308
1456 604.132245 540.601316
1457 604.132245 541.850007
1458 1216.422490 670.782271
1459 1216.422490 672.393255
1460 1216.422490 674.004239
1461 1216.422490 675.615223
1462 2486.263293 2795.422309
1463 2486.263293 2796.309495
1464 2486.263293 2797.196682
1465 2486.263293 2798.083868
1466 2902.522811 1365.388938
1467 2902.522811 1366.914883
1468 2902.522811 1368.440828
1469 2902.522811 1369.966773
1470 832.603002 2933.198829
1471 832.603002 2934.644600
1472 2477.448731 2289.832420
1473 2478.714484 2289.832420
1474 2018.558499 389.139300
1475 2019.863982 389.139300
1476 2021.169464 389.139300
1477 2022.474947 389.139300
1478 1984.248386 706.697125
1479 1985.740193 706.697125
1480 1987.232000 706.697125
1481 1988.723807 706.697125
1482 2530.599698 2866.150775
1483 2532.325659 2866.150775
1484 2534.051619 2866.150775
1485 2535.777580 2866.150775
1486 730.801920 803.531418
1487 730.801920 804.795728
1488 396.639472 1330.261816
1489 396.639472 1332.802452
1490 396.639472 1335.343088
1491 396.639472 1337.883723
1492 1443.768051 2468.227824
1493 1443.768051 2470.039974
1494 2702.272016 50.574593
1495 2702.272016 54.070073
1496 2702.272016 57.565553
1497 828.949443 733.398867
1498 830.412068 733.398867
1499 831.278104 733.398867
1500 1349.301952 438.534421
1501 1349.301952 440.955993
1502 1349.301952 443.377565
1503 1349.301952 445.799137
1504 2349.535722 2833.725679
1505 2351.832283 2833.725679
1506 2354.128845 2833.725679
1507 2356.425407 2833.725679
1508 1893.099511 1660.459389
1509 1895.452558 1660.459389
1510 1897.805605 1660.459389
1511 1900.158652 1660.459389
1512 266.002494 1614.447326
1513 266.002494 1616.956749
1514 266.002494 1619.466171
1515 266.002494 1621.975594
1516 2135.299316 267.059356
1517 2136.720926 267.059356
1518 2138.142535 267.059356
1519 2139.564144 267.059356
1520 1376.212359 2160.486918
1521 1376.212359 2161.936454
1522 1376.212359 2163.585330
1523 1376.212359 2165.475698
1524 2050.852041 67.873325
1525 2051.730501 67.873325
1526 2054.089065 67.873325
1527 80.232383 360.218962
1528 84.227404 360.218962
1529 88.222425 360.218962
1530 189.583976 2543.399061
1531 194.459967 2543.399061
1532 1259.915435 1813.669825
1533 1261.799679 1813.669825
1534 1263.683922 1813.669825
1535 1265.568166 1813.669825
1536 1348.396221 1232.391641
1537 1348.396221 1236.913235
1538 2388.738664 334.375474
1539 2388.738664 335.786548
1540 2953.882070 838.575275
1541 2957.030343 838.575275
1542 1098.492516 1489.054967
1543 1100.944571 1489.054967
1544 1103.396626 1489.054967
1545 2846.006681 1958.209684
1546 2846.006681 1961.602223
1547 2846.006681 1964.994763
1548 94.911008 881.169242
1549 95.994939 881.169242
1550 1277.762708 922.330619
1551 1277.762708 930.286051
1552 537.615053 2002.022166
1553 543.192489 2002.022166
1554 2385.636166 2480.859478
1555 2385.636166 2481.807264
1556 2385.636166 2482.755049
1557 2385.636166 2483.702835
1558 38.631301 2024.579167
1559 38.631301 2027.239160
1560 38.631301 2029.899154
1561 38.631301 2032.559147
1562 1212.390652 1097.055861
1563 1214.516813 1097.055861
1564 2127.111188 2690.570988
1565 2127.111188 2691.487457
1566 2127.111188 2692.403925
1567 2127.111188 2693.320394
1568 1443.111094 285.624946
1569 1446.124138 285.624946
1570 1449.137183 285.624946
1571 2794.300729 675.693733
1572 2795.556849 675.693733
1573 2800.611252 675.693733
1574 2766.730747 1586.954330
1575 2766.730747 1588.018407
1576 2766.730747 1589.082484
1577 2766.730747 1590.146562
1578 2624.750009 427.682665
1579 2624.750009 429.989979
1580 2624.750009 432.297293
1581 2624.750009 434.604607
1582 180.491255 2617.007068
1583 180.491255 2618.825116
1584 180.491255 2620.643164
1585 180.491255 2622.461212
1586 1690.936653 165.427539
1587 1690.936653 168.086060
1588 1690.936653 170.744580
1589 1759.531799 748.692769
1590 1759.531799 752.262508
1591 1323.277111 2264.306352
1592 1323.277111 2270.217200
1593 2925.571218 1809.826158
1594 2925.571218 1812.102786
1595 2925.571218 1814.379414
1596 1531.469193 2968.032595
1597 1531.469193 2969.204886
1598 1531.469193 2970.377176
1599 1531.469193 2971.549466
1600 271.082563 2555.725320
1601 271.082563 2557.400628
1602 271.082563 2559.075936
1603 271.082563 2560.751244
1604 1770.955121 1749.106195
1605 1770.955121 1755.059299
1606 50.827244 1518.305600
1607 57.431928 1518.305600
1608 1393.696271 1772.125813
1609 1393.696271 1773.717821
1610 1393.696271 1774.561876
1611 1393.696271 1775.382714
1612 1746.120038 2593.000356
1613 1746.120038 2596.615868
1614 1746.120038 2600.231380
1615 2178.153207 2057.176786
1616 2179.665646 2057.176786
1617 2181.178084 2057.176786
1618 877.725317 704.563877
1619 878.962448 704.563877
1620 880.302164 704.563877
1621 1311.374499 818.528446
1622 1311.374499 820.968639
1623 1311.374499 823.408832
1624 1311.374499 825.849025
1625 485.209410 157.649151
1626 492.871969 157.649151
1627 847.204638 967.254926
1628 847.204638 969.502028
1629 1971.439734 939.033789
1630 1972.902174 939.033789
1631 1973.821279 939.033789
1632 2960.258574 350.981394
1633 2962.448823 350.981394
1634 917.939233 2854.514647
1635 917.939233 2856.809438
1636 917.939233 2859.104228
1637 917.939233 2861.399018
1638 1773.115929 35.575763
1639 1774.659426 35.575763
1640 1776.202922 35.575763
1641 1777.746419 35.575763
1642 2193.926468 2864.785062
1643 2194.803597 2864.785062
1644 2195.680725 2864.785062
1645 2196.557853 2864.785062
1646 567.075699 1960.733742
1647 568.698910 1960.733742
1648 570.322121 1960.733742
1649 1011.887984 2228.959371
1650 1014.107962 2228.959371
1651 985.294407 405.537800
1652 986.260002 405.537800
1653 987.225596 405.537800
1654 988.191190 405.537800
1655 2953.809292 1665.278492
1656 2953.809292 1667.287042
1657 2953.809292 1669.295593
1658 2226.372153 2735.339642
1659 2228.598289 2735.339642
1660 2230.824426 2735.339642
1661 2233.050563 2735.339642
1662 383.052335 805.464028
1663 383.052335 808.083976
1664 2515.771234 772.629325
1665 2523.571422 772.629325
1666 40.719875 89.763664
1667 40.719875 90.584148
1668 40.719875 91.404633
1669 40.719875 92.225118
1670 244.766214 215.672889
1671 246.173403 215.672889
1672 247.580591 215.672889
1673 248.987780 215.672889
1674 2486.082300 133.534472
1675 2486.984705 133.534472
1676 2487.887109 133.534472
1677 2488.789514 133.534472
1678 1945.405931 987.160728
1679 1948.087666 987.160728
1680 1949.846276 987.160728
1681 588.141554 2375.272072
1682 588.141554 2377.091053
1683 588.141554 2378.910033
1684 686.000719 676.893790
1685 686.000719 677.865443
1686 686.000719 678.880607
1687 889.896482 833.849316
1688 889.896482 841.334790
1689 2703.374191 2469.311426
1690 2703.374191 2472.015722
1691 2703.374191 2474.720018
1692 1119.159339 2340.129348
1693 1120.895408 2340.129348
1694 2188.580657 1691.256945
1695 2191.918351 1691.256945
1696 126.653931 1783.934152
1697 126.653931 1785.917068
1698 126.653931 1787.899984
1699 2609.460777 58.700282
1700 2612.090194 58.700282
1701 2614.719612 58.700282
1702 651.574069 417.742005
1703 651.574069 420.190939
1704 651.574069 422.639873
1705 908.813839 1142.355823
1706 908.813839 1144.160856
1707 908.813839 1145.965889
1708 52.853762 1447.804832
1709 52.853762 1449.120412
1710 52.853762 1450.435991
1711 626.594772 373.686759
1712 628.591554 373.686759
1713 630.588336 373.686759
1714 632.585118 373.686759
1715 701.098267 1711.859341
1716 704.482094 1711.859341
1717 596.789797 522.137870
1718 598.613908 522.137870
1719 1156.738428 1493.698968
1720 1156.738428 1498.045165
1721 1164.923877 690.624458
1722 1167.084236 690.624458
1723 1169.244595 690.624458
1724 1171.404955 690.624458
1725 2862.572913 1084.424336
1726 2865.715048 1084.424336
1727 1701.379240 598.536758
1728 1706.804911 598.536758
1729 500.050452 2774.031153
1730 502.289117 2774.031153
1731 129.948246 2580.590813
1732 132.223160 2580.590813
1733 134.498075 2580.590813
1734 621.561458 489.606430
1735 624.227598 489.606430
1736 2710.466342 1789.884255
1737 2712.682037 1789.884255
1738 2714.897731 1789.884255
1739 2717.113426 1789.884255
1740 2448.902728 658.760285
1741 2449.799931 658.760285
1742 2450.697134 658.760285
1743 2451.594337 658.760285
1744 1053.234348 1625.978217
1745 1053.234348 1628.656139
1746 1319.469025 2307.260605
1747 1319.469025 2311.066632
1748 1319.469025 2314.872659
1749 1371.645865 1072.819246
1750 1373.466905 1072.819246
1751 1375.287945 1072.819246
1752 2731.646743 798.843464
1753 2731.646743 800.363287
1754 2731.646743 801.883110
1755 2731.646743 803.402933
1756 1319.485926 553.781103
1757 1323.054319 553.781103
1758 1326.622712 553.781103
1759 1904.940510 1092.402723
1760 1904.940510 1094.243416
1761 1904.940510 1096.084108
1762 1904.940510 1097.924801
1763 2756.159772 1890.513942
1764 2756.159772 1892.035916
1765 2756.159772 1893.557891
1766 2756.159772 1895.079865
1767 1941.403508 1200.638537
1768 1941.403508 1206.149597
1769 2720.872064 1383.200931
1770 2727.165530 1383.200931
1771 2267.602122 833.152137
1772 2270.371114 833.152137
1773 2273.140106 833.152137
1774 1249.311807 1874.966262
1775 1251.902113 1874.966262
1776 2783.686104 1280.894812
1777 2784.994606 1280.894812
1778 2785.848832 1280.894812
1779 2731.159618 2789.838064
1780 2734.231166 2789.838064
1781 2737.302714 2789.838064
1782 1938.046432 1905.565167
1783 1940.466598 1905.565167
1784 1942.886764 1905.565167
1785 1945.306930 1905.565167
1786 807.921243 216.949517
1787 807.921243 219.502941
1788 807.921243 220.334253
1789 2611.187527 307.471226
1790 2611.187527 308.636425
1791 2611.187527 309.595385
1792 863.180876 843.113299
1793 865.713004 843.113299
1794 868.245133 843.113299
1795 870.777261 843.113299
1796 1546.644337 170.958200
1797 1553.999728 170.958200
1798 343.438135 820.239774
1799 345.010675 820.239774
1800 346.583215 820.239774
1801 348.155755 820.239774
1802 167.115103 1905.098399
1803 170.816254 1905.098399
1804 174.517406 1905.098399
1805 2598.652598 1915.803447
1806 2598.652598 1917.542840
1807 2598.652598 1919.282233
1808 2947.512814 1983.792246
1809 2947.512814 1985.992167
1810 2295.816206 435.372213
1811 2295.816206 437.563524
1812 1301.180009 964.081208
1813 1301.999210 964.081208
1814 1302.818410 964.081208
1815 1303.637611 964.081208
1816 2088.097774 1738.603705
1817 2088.097774 1741.396029
1818 2525.167231 775.705364
1819 2525.167231 776.865828
1820 2525.167231 777.957298
1821 933.448243 85.240307
1822 933.448243 87.769125
1823 933.448243 90.297944
1824 933.448243 92.826762
1825 705.177567 555.695125
1826 705.177567 557.296316
1827 705.177567 559.777836
1828 2683.623664 1666.349397
1829 2685.947054 1666.349397
1830 2688.270443 1666.349397
1831 2690.593833 1666.349397
1832 482.865563 1955.225983
1833 485.498198 1955.225983
1834 486.536358 1955.225983
1835 487.486917 1955.225983
1836 1916.781435 1274.065404
1837 1916.781435 1276.470633
1838 1916.781435 1278.875863
1839 2550.611675 755.833866
1840 2550.611675 758.436678
1841 2550.611675 761.039491
1842 1271.599139 2876.997158
1843 1271.599139 2882.943465
1844 637.846757 135.325003
1845 640.530645 135.325003
1846 643.214533 135.325003
1847 2969.975439 909.472296
1848 2974.461087 909.472296
1849 214.543319 2984.144572
1850 214.543319 2989.865956
1851 1317.563338 1710.105474
1852 1320.003293 1710.105474
1853 1322.443247 1710.105474
1854 1324.883202 1710.105474
1855 2052.896259 2212.896335
1856 2053.888338 2212.896335
1857 2054.880417 2212.896335
1858 2055.872496 2212.896335
1859 2793.677875 2573.265243
1860 2793.677875 2575.835066
1861 2793.677875 2578.404890
1862 1272.260434 283.321004
1863 1272.260434 286.779369
1864 1095.404219 1980.795581
1865 1095.404219 1987.667315
1866 1418.078772 2823.225112
1867 1418.078772 2830.831337
1868 2112.677144 1066.453369
1869 2112.677144 1069.698890
1870 509.812104 2069.850092
1871 509.812104 2070.776054
1872 509.812104 2071.601009
1873 1806.001042 2601.008129
1874 1807.658712 2601.008129
1875 1809.316381 2601.008129
1876 1545.204335 1229.883894
1877 1545.204335 1231.940048
1878 1545.204335 1233.442050
1879 71.919473 251.581000
1880 71.919473 256.800872
1881 2461.576595 1548.054264
1882 2462.641957 1548.054264
1883 1170.252623 733.434891
1884 1170.252623 736.359951
1885 1170.252623 739.285011
1886 2435.173736 237.558223
1887 2436.435718 237.558223
1888 2439.758255 237.558223
1889 2440.721233 237.558223
1890 397.623462 1485.152109
1891 398.673902 1485.152109
1892 399.724341 1485.152109
1893 400.774781 1485.152109
1894 1806.006251 2666.189725
1895 1808.470829 2666.189725
1896 1810.935408 2666.189725
1897 7.708555 856.161128
1898 9.520541 856.161128
1899 11.332526 856.161128
1900 119.990387 975.013920
1901 122.049940 975.013920
1902 123.837628 975.013920
1903 618.296894 1958.953981
1904 618.296894 1961.171863
1905 2563.337053 1867.796872
1906 2563.337053 1873.965527
1907 299.220155 752.120976
1908 292.028403 750.694494
1909 294.027366 745.138562
1910 126.177202 1087.029040
1911 138.632806 1088.258026
1912 136.288264 1088.764798
1913 2877.272457 830.833375
1914 2877.308732 829.801404
1915 2878.908830 833.488009
1916 506.611067 1491.727401
1917 508.470065 1487.225639
1918 512.693612 1489.498231
1919 2990.102709 1114.671733
1920 2996.627004 1114.523151
1921 2993.493532 1120.247647
1922 1348.340717 1621.769683
1923 1347.551732 1622.044561
1924 1345.072907 1618.335933
1925 2737.570472 2923.315386
1926 2740.808343 2913.156243
1927 2747.987484 2921.039893
1928 1235.440574 587.315497
1929 1241.795055 586.318504
1930 1239.481236 592.320142
1931 949.884013 120.851901
1932 951.895920 115.137062
1933 952.096724 119.410179
1934 30.079783 938.064484
1935 29.653080 938.779725
1936 31.904284 932.429030
1937 2545.801233 2730.408303
1938 2543.336185 2727.037247
1939 2547.488129 2726.587980
1940 2097.120109 1080.212514
1941 2100.386348 1076.850524
1942 2100.085282 1080.772338
1943 2716.579632 189.546495
1944 2714.895977 191.481943
1945 2712.538442 185.881155
1946 2253.857867 2619.045656
1947 2252.621579 2615.294374
1948 2256.488429 2616.099358
1949 551.037824 1187.056204
1950 555.626566 1184.101053
1951 564.143732 1188.957836
1952 989.273872 2138.456605
1953 978.525805 2136.126221
1954 985.918011 2127.983314
1955 2635.575389 2019.888940
1956 2636.206177 2026.452846
1957 2631.283258 2021.083957
1958 1174.420455 1606.348144
1959 1182.395309 1598.991034
1960 1184.779326 1609.576015
1961 1588.848443 988.792866
1962 1592.590314 989.529786
1963 1591.317325 993.742816
1964 2595.318740 942.154740
1965 2604.730383 933.851937
1966 2606.038944 942.580863
1967 988.792538 1383.441712
1968 982.893961 1373.443124
1969 993.776349 1373.632063
1970 1691.199156 1113.910453
1971 1689.621316 1119.650457
1972 1686.627326 1114.474095
1973 2543.346272 961.695176
1974 2549.279843 972.091182
1975 2537.309852 972.031802
1976 1343.988135 2930.669494
1977 1342.795957 2926.301101
1978 1347.175186 2927.452841
1979 2850.208272 1301.491485
1980 2848.959991 1299.191096
1981 2851.576327 1299.260247
1982 1738.310703 2750.407495
1983 1731.521180 2750.827531
1984 1734.371454 2741.867152
1985 1433.343984 251.956686
1986 1439.384227 252.915010
1987 1432.370549 260.389721
1988 2291.694831 450.217312
1989 2293.834251 451.636074
1990 2291.578103 456.133905
1991 1774.238929 1070.410991
1992 1776.255857 1073.633425
1993 1771.925294 1074.202796
1994 1590.017889 2180.814256
1995 1596.213007 2188.850149
1996 1586.156161 2190.197332
1997 305.149269 1440.577198
1998 305.540654 1434.047980
1999 310.999430 1437.651538
